LED Effect = Led off (9)     -> byte 38  == 9

out
0000   04 a0 01 02 01 02 a5 01 07 00 08 08 00 10 10 00
0010   18 18 00 30 30 00 40 40 00 80 80 11 40 40 00 00
0020   00 03 02 00 a5 09 02 0a 01 00 00 00 00 00 00 00
0030   00 00 00 00 00 00 00 00 00 00 00 00 00 00 00 00

in
0000   04 a0 01 02 01 02 a5 01 07 00 08 08 00 10 10 00
0010   18 18 00 30 30 00 40 40 00 80 80 11 40 40 00 00
0020   00 03 02 00 a5 09 02 0a 01 00 00 00 00 00 00 00
0030   00 00 00 00 00 00 00 00 00 00 00 00 00 00 00 00

out
0000   04 a0 01 02 02 02 a5 00 00 00 00 00 00 00 00 00
0010   00 00 00 00 00 00 00 00 00 00 00 00 00 00 00 00
0020   00 00 00 00 00 00 00 00 00 00 00 00 00 00 00 00
0030   00 00 00 00 00 00 00 00 00 00 00 00 00 00 00 00

in
0000   04 a0 01 02 02 02 a5 00 00 00 00 00 00 00 00 00
0010   00 00 00 00 00 00 00 00 00 00 00 00 00 00 00 00
0020   00 00 00 00 00 00 00 00 00 00 00 00 00 00 00 00
0030   00 00 00 00 00 00 00 00 00 00 00 00 00 00 00 00
